2
10
[ 1.734894477491212E+009, 1.734894477491213E+009] [ 8.143570149751353E+008, 8.143570149751356E+008] [ 1.617013067560940E+009, 1.617013067560942E+009] [ 1.648690138649134E+009, 1.648690138649136E+009] [ 1.882450711310626E+009, 1.882450711310627E+009] [ 4.079216732315763E+008, 4.079216732315765E+008] [ 6.921978212838289E+008, 6.921978212838293E+008] [ 1.586308932520179E+009, 1.586308932520181E+009] [ 5.735739783406722E+008, 5.735739783406725E+008] [ 1.143886534911820E+009, 1.143886534911821E+009]
[ 8.143570149751353E+008, 8.143570149751356E+008] [ 3.822580327279440E+008, 3.822580327279442E+008] [ 7.590236482497583E+008, 7.590236482497587E+008] [ 7.738928206427153E+008, 7.738928206427156E+008] [ 8.836197030272271E+008, 8.836197030272275E+008] [ 1.914778568137378E+008, 1.914778568137379E+008] [ 3.249166788824267E+008, 3.249166788824269E+008] [ 7.446111706622120E+008, 7.446111706622123E+008] [ 2.692348146808390E+008, 2.692348146808392E+008] [ 5.369387225931140E+008, 5.369387225931143E+008]
[ 1.617013067560940E+009, 1.617013067560942E+009] [ 7.590236482497583E+008, 7.590236482497587E+008] [ 1.507141384002776E+009, 1.507141384002778E+009] [ 1.536666082392714E+009, 1.536666082392715E+009] [ 1.754543253480748E+009, 1.754543253480749E+009] [ 3.802044937573609E+008, 3.802044937573611E+008] [ 6.451648428882607E+008, 6.451648428882610E+008] [ 1.478523511275223E+009, 1.478523511275224E+009] [ 5.346011707095785E+008, 5.346011707095787E+008] [ 1.066162524478351E+009, 1.066162524478352E+009]
[ 1.648690138649134E+009, 1.648690138649136E+009] [ 7.738928206427153E+008, 7.738928206427156E+008] [ 1.536666082392714E+009, 1.536666082392715E+009] [ 1.566769167719790E+009, 1.566769167719791E+009] [ 1.788914522632984E+009, 1.788914522632986E+009] [ 3.876526492598820E+008, 3.876526492598822E+008] [ 6.578035364163231E+008, 6.578035364163235E+008] [ 1.507487590361409E+009, 1.507487590361410E+009] [ 5.450739365938657E+008, 5.450739365938660E+008] [ 1.087048506637054E+009, 1.087048506637056E+009]
[ 1.882450711310626E+009, 1.882450711310627E+009] [ 8.836197030272271E+008, 8.836197030272275E+008] [ 1.754543253480748E+009, 1.754543253480749E+009] [ 1.788914522632984E+009, 1.788914522632986E+009] [ 2.042556899146785E+009, 2.042556899146787E+009] [ 4.426162249861144E+008, 4.426162249861146E+008] [ 7.510706263119571E+008, 7.510706263119574E+008] [ 1.721227670526933E+009, 1.721227670526935E+009] [ 6.223575889758926E+008, 6.223575889758930E+008] [ 1.241176365757085E+009, 1.241176365757086E+009]
[ 4.079216732315763E+008, 4.079216732315765E+008] [ 1.914778568137378E+008, 1.914778568137379E+008] [ 3.802044937573609E+008, 3.802044937573611E+008] [ 3.876526492598820E+008, 3.876526492598822E+008] [ 4.426162249861144E+008, 4.426162249861146E+008] [ 9.591366822694836E+007, 9.591366822694840E+007] [ 1.627548518319243E+008, 1.627548518319244E+008] [ 3.729851024279891E+008, 3.729851024279894E+008] [ 1.348631055878539E+008, 1.348631055878540E+008] [ 2.689593607168667E+008, 2.689593607168670E+008]
[ 6.921978212838289E+008, 6.921978212838293E+008] [ 3.249166788824267E+008, 3.249166788824269E+008] [ 6.451648428882607E+008, 6.451648428882610E+008] [ 6.578035364163231E+008, 6.578035364163235E+008] [ 7.510706263119571E+008, 7.510706263119574E+008] [ 1.627548518319243E+008, 1.627548518319244E+008] [ 2.761769271950305E+008, 2.761769271950307E+008] [ 6.329143367810515E+008, 6.329143367810518E+008] [ 2.288477273588936E+008, 2.288477273588938E+008] [ 4.563941945698397E+008, 4.563941945698399E+008]
[ 1.586308932520179E+009, 1.586308932520181E+009] [ 7.446111706622120E+008, 7.446111706622123E+008] [ 1.478523511275223E+009, 1.478523511275224E+009] [ 1.507487590361409E+009, 1.507487590361410E+009] [ 1.721227670526933E+009, 1.721227670526935E+009] [ 3.729851024279891E+008, 3.729851024279894E+008] [ 6.329143367810515E+008, 6.329143367810518E+008] [ 1.450449041844622E+009, 1.450449041844624E+009] [ 5.244500675010095E+008, 5.244500675010097E+008] [ 1.045918038652173E+009, 1.045918038652174E+009]
[ 5.735739783406722E+008, 5.735739783406725E+008] [ 2.692348146808390E+008, 2.692348146808392E+008] [ 5.346011707095785E+008, 5.346011707095787E+008] [ 5.450739365938657E+008, 5.450739365938660E+008] [ 6.223575889758926E+008, 6.223575889758930E+008] [ 1.348631055878539E+008, 1.348631055878540E+008] [ 2.288477273588936E+008, 2.288477273588938E+008] [ 5.244500675010095E+008, 5.244500675010097E+008] [ 1.896294643982094E+008, 1.896294643982096E+008] [ 3.781806671761702E+008, 3.781806671761705E+008]
[ 1.143886534911820E+009, 1.143886534911821E+009] [ 5.369387225931140E+008, 5.369387225931143E+008] [ 1.066162524478351E+009, 1.066162524478352E+009] [ 1.087048506637054E+009, 1.087048506637056E+009] [ 1.241176365757085E+009, 1.241176365757086E+009] [ 2.689593607168667E+008, 2.689593607168670E+008] [ 4.563941945698397E+008, 4.563941945698399E+008] [ 1.045918038652173E+009, 1.045918038652174E+009] [ 3.781806671761702E+008, 3.781806671761705E+008] [ 7.542109472466773E+008, 7.542109472466777E+008] 

[  1.000000,  1.000000]
[  0.000000,  0.000000]
[  0.000000,  0.000000]
[  0.000000,  0.000000]
[  0.000000,  0.000000]
[  0.000000,  0.000000]
[  0.000000,  0.000000]
[  0.000000,  0.000000]
[  0.000000,  0.000000]
[  0.000000,  0.000000]

