3
10
( 3.766755479657103E+008,      0.000000000000000) ( 5.021495077437406E+008,-1.744966434871179E+008) ( 2.911796911646537E+008,-9.833614106401205E+007) ( 4.262515216647308E+008,-6.199568559173684E+008) ( 7.546689744851136E+008,-9.785491089523104E+007) ( 7.328430833616300E+008,-2.913302193494539E+008) ( 5.044973894365446E+008,-8.518127948823704E+007) ( 5.682301320061748E+008,-6.645021984976754E+007) ( 1.384775660917885E+008,-7.834425752172357E+008) ( 4.842257139215230E+008,-1.556752036172343E+008) 
( 5.021495077437406E+008, 1.744966434871179E+008) ( 7.502563130755948E+008,      0.000000000000000) ( 4.337288853723322E+008, 3.797522676100825E+006) ( 8.554374841664602E+008,-6.290070383333380E+008) ( 1.051387621886626E+009, 2.191525526945993E+008) ( 1.111919641081507E+009,-4.888203690463042E+007) ( 7.120105493511454E+008, 1.201547695497479E+008) ( 7.882959851966641E+008, 1.746497910635117E+008) ( 5.475389710010279E+008,-9.802638795747305E+008) ( 7.176428270044907E+008, 1.678774997765911E+007) 
( 2.911796911646537E+008, 9.833614106401205E+007) ( 4.337288853723322E+008,-3.797522676100825E+006) ( 2.507611930842392E+008,      0.000000000000000) ( 4.913511183956414E+008,-3.679636684535660E+008) ( 6.089244579091322E+008, 1.213720199425241E+008) ( 6.425617860815973E+008,-3.388720764247536E+007) ( 4.122268982313591E+008, 6.585845032813143E+007) ( 4.566039232606371E+008, 9.697630817385666E+007) ( 3.115747105575681E+008,-5.694694528262526E+008) ( 4.149597548230414E+008, 6.072680900510389E+006) 
( 4.262515216647308E+008, 6.199568559173684E+008) ( 8.554374841664602E+008, 6.290070383333380E+008) ( 4.913511183956414E+008, 3.679636684535660E+008) ( 1.502717306331145E+009,      0.000000000000000) ( 1.015050285854975E+009, 1.131348725558525E+009) ( 1.308785903988746E+009, 8.764867993066084E+008) ( 7.110934072981931E+008, 7.339418966837188E+008) ( 7.523855213841680E+008, 8.600336851163591E+008) ( 1.446143433983319E+009,-6.586397108398222E+008) ( 8.041771216825273E+008, 6.208055197995235E+008) 
( 7.546689744851136E+008, 9.785491089523104E+007) ( 1.051387621886626E+009,-2.191525526945993E+008) ( 6.089244579091322E+008,-1.213720199425241E+008) ( 1.015050285854975E+009,-1.131348725558525E+009) ( 1.537399625960108E+009,      0.000000000000000) ( 1.543933593564277E+009,-3.932975857971554E+008) ( 1.032888747795924E+009,-3.959938962506048E+007) ( 1.155711154710654E+009, 1.448511779186954E+007) ( 4.809667833245084E+008,-1.533651705213707E+009) ( 1.010587783543305E+009,-1.861001669534723E+008) 
( 7.328430833616300E+008, 2.913302193494539E+008) ( 1.111919641081507E+009, 4.888203690463042E+007) ( 6.425617860815973E+008, 3.388720764247536E+007) ( 1.308785903988746E+009,-8.764867993066084E+008) ( 1.543933593564277E+009, 3.932975857971554E+008) ( 1.651108724534416E+009,      0.000000000000000) ( 1.047408854751755E+009, 2.244659211409439E+008) ( 1.156917359338735E+009, 3.102007176595482E+008) ( 8.753496914066311E+008,-1.417128818301201E+009) ( 1.062490941273519E+009, 7.163748070977403E+007) 
( 5.044973894365446E+008, 8.518127948823704E+007) ( 7.120105493511454E+008,-1.201547695497479E+008) ( 4.122268982313591E+008,-6.585845032813143E+007) ( 7.110934072981931E+008,-7.339418966837188E+008) ( 1.032888747795924E+009, 3.959938962506048E+007) ( 1.047408854751755E+009,-2.244659211409439E+008) ( 6.949574210721122E+008,      0.000000000000000) ( 7.760815250690743E+008, 3.949979595494700E+007) ( 3.626362599105274E+008,-1.017982294840419E+009) ( 6.837481850756000E+008,-9.899970479196396E+007) 
( 5.682301320061748E+008, 6.645021984976754E+007) ( 7.882959851966641E+008,-1.746497910635117E+008) ( 4.566039232606371E+008,-9.697630817385666E+007) ( 7.523855213841680E+008,-8.600336851163591E+008) ( 1.155711154710654E+009,-1.448511779186954E+007) ( 1.156917359338735E+009,-3.102007176595482E+008) ( 7.760815250690743E+008,-3.949979595494700E+007) ( 8.689205276293336E+008,      0.000000000000000) ( 3.471078971712129E+008,-1.157425314002597E+009) ( 7.579368906416514E+008,-1.494188746997077E+008) 
( 1.384775660917885E+008, 7.834425752172357E+008) ( 5.475389710010279E+008, 9.802638795747305E+008) ( 3.115747105575681E+008, 5.694694528262526E+008) ( 1.446143433983319E+009, 6.586397108398222E+008) ( 4.809667833245084E+008, 1.533651705213707E+009) ( 8.753496914066311E+008, 1.417128818301201E+009) ( 3.626362599105274E+008, 1.017982294840419E+009) ( 3.471078971712129E+008, 1.157425314002597E+009) ( 1.680380663011329E+009,      0.000000000000000) ( 5.018031625489919E+008, 9.499037563908980E+008) 
( 4.842257139215230E+008, 1.556752036172343E+008) ( 7.176428270044907E+008,-1.678774997765911E+007) ( 4.149597548230414E+008,-6.072680900510389E+006) ( 8.041771216825273E+008,-6.208055197995235E+008) ( 1.010587783543305E+009, 1.861001669534723E+008) ( 1.062490941273519E+009,-7.163748070977403E+007) ( 6.837481850756000E+008, 9.899970479196396E+007) ( 7.579368906416514E+008, 1.494188746997077E+008) ( 5.018031625489919E+008,-9.499037563908980E+008) ( 6.868226873360126E+008,      0.000000000000000) 

(      1.000000000000000,      1.000000000000000)
(      0.000000000000000,      0.000000000000000)
(      0.000000000000000,      0.000000000000000)
(      0.000000000000000,      0.000000000000000)
(      0.000000000000000,      0.000000000000000)
(      0.000000000000000,      0.000000000000000)
(      0.000000000000000,      0.000000000000000)
(      0.000000000000000,      0.000000000000000)
(      0.000000000000000,      0.000000000000000)
(      0.000000000000000,      0.000000000000000)
